769.428	4	2000	20
>	a		ab		1
>	b		bc		1
>	c		c		1
20			0	0	1	0
40			0	0.563946	0.161998	0.274056
60			0.381759	0.157837	0.271983	0.188422
80			0.408516	0.232644	0.185745	0.173095
100			0.42942	0.257969	0.169867	0.142744
120			0.430519	0.269109	0.169674	0.130698
140			0.42245	0.273427	0.175463	0.12866
160			0.411847	0.275677	0.178868	0.133608
180			0.400098	0.275305	0.185133	0.139464
200			0.388637	0.274961	0.189941	0.14646
220			0.377607	0.274567	0.194768	0.153058
240			0.368521	0.273054	0.198403	0.160022
260			0.359789	0.271669	0.202823	0.165719
280			0.351872	0.270583	0.205917	0.171628
300			0.344931	0.269141	0.209497	0.17643
320			0.339032	0.268239	0.211425	0.181305
340			0.333701	0.266961	0.213986	0.185351
360			0.328727	0.266155	0.216217	0.188901
380			0.324322	0.265309	0.218052	0.192317
400			0.320345	0.264485	0.219748	0.195422
420			0.316725	0.263745	0.2215	0.19803
440			0.313437	0.26317	0.222766	0.200627
460			0.310494	0.262668	0.223887	0.20295
480			0.307837	0.262039	0.225093	0.205031
500			0.305179	0.261722	0.226258	0.206841
520			0.302914	0.26119	0.227254	0.208643
540			0.300792	0.260757	0.228122	0.210329
560			0.298846	0.260312	0.229092	0.211751
580			0.297031	0.259978	0.229781	0.21321
600			0.295373	0.259571	0.230526	0.21453
620			0.293796	0.259258	0.231156	0.21579
640			0.29234	0.259013	0.231795	0.216852
660			0.291004	0.258725	0.23236	0.21791
680			0.289741	0.258447	0.232892	0.21892
700			0.288542	0.258185	0.233482	0.219791
720			0.287408	0.257974	0.233918	0.2207
740			0.286354	0.257715	0.23439	0.221541
760			0.285337	0.25751	0.234867	0.222286
780			0.284385	0.257316	0.235247	0.223053
800			0.283485	0.257168	0.235574	0.223773
820			0.28265	0.256955	0.23602	0.224375
840			0.281832	0.256822	0.236311	0.225035
860			0.281073	0.256624	0.236666	0.225638
880			0.280326	0.25648	0.237008	0.226186
900			0.279624	0.256332	0.237294	0.22675
920			0.278954	0.256179	0.237579	0.227288
940			0.278309	0.256035	0.237847	0.227808
960			0.27769	0.255939	0.238109	0.228262
980			0.277116	0.255807	0.238357	0.228721
1000			0.276555	0.255686	0.238589	0.22917
1020			0.276015	0.255564	0.238856	0.229565
1040			0.275493	0.255466	0.239056	0.229986
1060			0.274998	0.255344	0.239275	0.230382
1080			0.274512	0.255243	0.239507	0.230738
1100			0.274048	0.255184	0.239656	0.231112
1120			0.273622	0.25506	0.239865	0.231453
1140			0.273187	0.254984	0.240058	0.231771
1160			0.272779	0.254893	0.240228	0.2321
1180			0.27238	0.254804	0.240396	0.23242
1200			0.271994	0.254717	0.240585	0.232704
1220			0.271618	0.254646	0.24073	0.233007
1240			0.271261	0.254582	0.240862	0.233295
1260			0.270921	0.254495	0.241042	0.233542
1280			0.270582	0.254438	0.241164	0.233816
1300			0.270262	0.254354	0.241311	0.234073
1320			0.269941	0.254291	0.241438	0.234331
1340			0.269635	0.254215	0.241594	0.234556
1360			0.269332	0.254162	0.241706	0.2348
1380			0.269047	0.254088	0.241836	0.23503
1400			0.268762	0.254051	0.241947	0.23524
1420			0.268499	0.253983	0.242067	0.235451
1440			0.268235	0.25393	0.242171	0.235664
1460			0.26798	0.253868	0.242301	0.235851
1480			0.267728	0.253823	0.242394	0.236055
1500			0.267488	0.253761	0.242503	0.236248
1520			0.267249	0.253712	0.242615	0.236424
1540			0.267017	0.253682	0.24269	0.23661
1560			0.266803	0.253619	0.242795	0.236783
1580			0.266582	0.25358	0.242894	0.236945
1600			0.266372	0.253533	0.242981	0.237115
1620			0.266165	0.253486	0.243068	0.237281
1640			0.265962	0.25344	0.243167	0.237431
1660			0.265763	0.253402	0.243243	0.237591
1680			0.265572	0.253368	0.243314	0.237746
1700			0.265389	0.253321	0.243411	0.237879
1720			0.265205	0.25329	0.243477	0.238029
1740			0.265029	0.253243	0.243558	0.23817
1760			0.264852	0.253208	0.243628	0.238313
1780			0.264681	0.253165	0.243715	0.238439
1800			0.264512	0.253135	0.243777	0.238576
1820			0.26435	0.253105	0.243839	0.238706
1840			0.264193	0.253066	0.24392	0.23882
1860			0.264037	0.253038	0.243977	0.238948
1880			0.263887	0.252999	0.244046	0.239068
1900			0.263736	0.252968	0.244116	0.23918
1920			0.263589	0.252938	0.244175	0.239298
1940			0.263447	0.252903	0.244236	0.239414
1960			0.263305	0.252883	0.244294	0.239518
1980			0.263172	0.25285	0.244353	0.239625
2000			0.263038	0.252822	0.244407	0.239733
2001001


491.933	8	2000	20
>	a		ab		1
>	b		bc		1
>	c		c		1
20			0	0	0	0	1	0	0	0
40			0	0	0	0.563946	0.161998	0.274056	0	0
60			0	0	0.381759	0.157837	0.271983	0.105407	0.0830147	0
80			0	0.276766	0.131749	0.232644	0.156125	0.137303	0.0357914	0.0296205
100			0.210057	0.105128	0.190457	0.168284	0.154425	0.08137	0.0653336	0.0249456
120			0.248726	0.164027	0.155764	0.150255	0.106184	0.0929624	0.0451728	0.0369095
140			0.284571	0.193293	0.143957	0.116604	0.105663	0.0658495	0.0558201	0.0342417
160			0.306576	0.204565	0.141992	0.111171	0.0823694	0.0711901	0.0430091	0.0391274
180			0.314407	0.214167	0.145725	0.102204	0.0818857	0.056964	0.048493	0.0361549
200			0.317198	0.220288	0.147107	0.104174	0.0724342	0.058803	0.0427342	0.0372618
220			0.3164	0.223232	0.151413	0.101436	0.074781	0.0525688	0.0438073	0.0363621
240			0.313613	0.224958	0.153072	0.105425	0.0709519	0.0547007	0.0408354	0.0364441
260			0.309393	0.226018	0.156111	0.104329	0.0747104	0.0517816	0.0423801	0.0352775
280			0.304873	0.225642	0.157215	0.108182	0.072901	0.0550825	0.0400854	0.0360184
300			0.299573	0.225222	0.158734	0.108658	0.0768975	0.0531993	0.0423468	0.0353702
320			0.294737	0.223633	0.159615	0.111738	0.0762057	0.0563073	0.0416659	0.0360974
340			0.28949	0.222318	0.160649	0.112401	0.0796088	0.0556658	0.0433493	0.0365183
360			0.284468	0.220495	0.161001	0.114557	0.0798849	0.0585402	0.043582	0.0374725
380			0.279551	0.218715	0.161429	0.115304	0.0823859	0.0587228	0.0455858	0.0383059
400			0.274872	0.21673	0.161469	0.116769	0.0832783	0.0609967	0.0460343	0.0398499
420			0.270374	0.214645	0.16145	0.117791	0.0849329	0.0618136	0.0482293	0.0407642
440			0.265829	0.21283	0.161151	0.118861	0.0861566	0.0637697	0.0489997	0.0424032
460			0.261527	0.210627	0.161189	0.119559	0.0877008	0.0648584	0.0508342	0.0437042
480			0.257465	0.208678	0.160645	0.120365	0.0888506	0.0665708	0.0521045	0.0453219
500			0.253539	0.206577	0.160414	0.120885	0.090139	0.0679915	0.053804	0.0466503
520			0.249703	0.204812	0.15981	0.121445	0.091303	0.0695034	0.0552115	0.0482131
540			0.246147	0.202751	0.159498	0.121913	0.0923729	0.070808	0.0567738	0.0497361
560			0.242652	0.200954	0.158848	0.122459	0.0934231	0.0721475	0.058212	0.0513047
580			0.239366	0.199025	0.158353	0.12282	0.0945095	0.0734164	0.0596827	0.0528277
600			0.236177	0.197259	0.157814	0.123249	0.0952407	0.0748193	0.0610978	0.0543425
620			0.233156	0.195511	0.157259	0.123489	0.0962854	0.0759125	0.0625627	0.0558254
640			0.230167	0.193929	0.15662	0.123854	0.0969818	0.077174	0.0639671	0.0573076
660			0.227414	0.192219	0.156108	0.123912	0.0980053	0.078242	0.0653369	0.0587629
680			0.224746	0.190675	0.155389	0.124276	0.0985916	0.0795324	0.0666059	0.0601837
700			0.222147	0.189068	0.15497	0.124328	0.0995105	0.0804765	0.0679639	0.0615363
720			0.219663	0.187636	0.154284	0.124668	0.10003	0.0816186	0.0691244	0.0629756
740			0.217273	0.186128	0.153886	0.124612	0.100857	0.0825507	0.0704123	0.0642811
760			0.21499	0.184798	0.153115	0.124981	0.101317	0.0836085	0.0716126	0.0655783
780			0.212797	0.183341	0.152766	0.124918	0.102038	0.0845199	0.0727894	0.0668306
800			0.210611	0.18219	0.152078	0.125112	0.102609	0.0854117	0.0739386	0.0680491
820			0.208659	0.180752	0.151718	0.125133	0.103164	0.08634	0.0749975	0.0692372
840			0.206641	0.179644	0.151073	0.125298	0.103708	0.0872117	0.0760006	0.0704233
860			0.204769	0.178418	0.150652	0.125319	0.104238	0.0879937	0.077087	0.0715229
880			0.202982	0.177262	0.150105	0.125436	0.104703	0.088809	0.0780851	0.0726187
900			0.20123	0.17614	0.149683	0.125408	0.105228	0.089599	0.0790428	0.0736686
920			0.19953	0.17509	0.149155	0.125565	0.105622	0.0903458	0.0799672	0.0747248
940			0.197901	0.174061	0.14875	0.125511	0.106125	0.0910618	0.0808712	0.0757183
960			0.196375	0.173033	0.148252	0.125611	0.106512	0.0917705	0.0817744	0.0766713
980			0.194867	0.172054	0.147827	0.12565	0.106923	0.0924648	0.0826082	0.0776049
1000			0.193402	0.171119	0.147436	0.12565	0.107338	0.0930927	0.0834284	0.0785333
1020			0.191991	0.170219	0.147003	0.125709	0.10766	0.0937564	0.0842483	0.0794126
1040			0.190634	0.169325	0.146652	0.125661	0.108067	0.094371	0.0850235	0.0802666
1060			0.189314	0.168495	0.146215	0.125766	0.10836	0.0949654	0.0858	0.0810857
1080			0.188087	0.167607	0.14588	0.125736	0.10875	0.0955064	0.086511	0.0819233
1100			0.18685	0.166848	0.145484	0.125768	0.109048	0.096096	0.0872032	0.0827032
1120			0.185677	0.166087	0.145114	0.125758	0.109397	0.0965973	0.0879252	0.0834442
1140			0.184544	0.165335	0.144756	0.125784	0.10965	0.0971676	0.0885525	0.0842119
1160			0.183441	0.164607	0.144417	0.125767	0.109982	0.0976461	0.0892244	0.0849148
1180			0.182372	0.163904	0.144098	0.125797	0.110221	0.0981514	0.089849	0.0856082
1200			0.181336	0.163226	0.143783	0.125789	0.110522	0.0985899	0.0904814	0.0862724
1220			0.180336	0.162566	0.143462	0.125812	0.110772	0.0990882	0.091011	0.0869536
1240			0.179367	0.161919	0.143163	0.125806	0.111063	0.0994839	0.0916312	0.0875658
1260			0.178426	0.161299	0.142883	0.125805	0.111265	0.0999684	0.0921666	0.0881876
1280			0.177539	0.160676	0.142591	0.125795	0.111534	0.100344	0.0927241	0.0887965
1300			0.176659	0.160099	0.142293	0.12581	0.111747	0.100786	0.0932205	0.0893856
1320			0.175808	0.159522	0.14203	0.125816	0.11198	0.101146	0.0937649	0.0899341
1340			0.174976	0.158976	0.141782	0.125804	0.112167	0.101563	0.0942234	0.0905093
1360			0.174172	0.158446	0.141519	0.125797	0.112397	0.101912	0.0947248	0.0910316
1380			0.173394	0.157923	0.141266	0.125803	0.112595	0.102281	0.0951872	0.0915498
1400			0.172637	0.157416	0.141022	0.125799	0.112807	0.102617	0.0956357	0.0920668
1420			0.1719	0.156924	0.140781	0.125804	0.112997	0.102972	0.0960669	0.0925552
1440			0.171184	0.156425	0.140588	0.125781	0.11318	0.103308	0.0965137	0.0930208
1460			0.170479	0.155978	0.14034	0.125796	0.11336	0.103627	0.0969376	0.0934835
1480			0.169807	0.155509	0.140135	0.125782	0.113549	0.103933	0.0973337	0.0939512
1500			0.169144	0.155078	0.139906	0.125793	0.113717	0.104248	0.0977259	0.0943885
1520			0.168507	0.154638	0.139707	0.125798	0.113865	0.10455	0.0981244	0.0948094
1540			0.16788	0.154227	0.139517	0.125774	0.11404	0.104828	0.0984905	0.0952425
1560			0.167276	0.153825	0.13931	0.125784	0.114188	0.105119	0.0988509	0.0956478
1580			0.166689	0.153425	0.139123	0.125771	0.114357	0.105378	0.0992201	0.0960367
1600			0.166115	0.153043	0.138926	0.125778	0.114485	0.105667	0.0995486	0.0964373
1620			0.165558	0.152664	0.138748	0.125761	0.11465	0.105899	0.0999139	0.0968073
1640			0.165012	0.1523	0.138573	0.125754	0.114777	0.106184	0.10022	0.0971804
1660			0.164483	0.151945	0.138396	0.125746	0.114933	0.106404	0.100553	0.097541
1680			0.163968	0.151595	0.138223	0.12575	0.115056	0.106653	0.100863	0.097893
1700			0.163477	0.151242	0.138058	0.125739	0.115185	0.106901	0.101168	0.0982293
1720			0.162986	0.150917	0.137884	0.125735	0.11532	0.107123	0.101478	0.0985561
1740			0.162509	0.150589	0.137741	0.12573	0.115432	0.107348	0.101757	0.0988934
1760			0.16204	0.150283	0.137581	0.125727	0.115558	0.107548	0.102056	0.0992075
1780			0.161588	0.149971	0.137433	0.125723	0.11566	0.107789	0.102317	0.0995192
1800			0.161142	0.149674	0.137282	0.125713	0.115793	0.107975	0.102598	0.0998235
1820			0.160708	0.149379	0.137134	0.125716	0.115896	0.108185	0.10286	0.100122
1840			0.160283	0.149091	0.137007	0.125694	0.116017	0.108383	0.103119	0.100407
1860			0.159867	0.148817	0.136858	0.125701	0.116108	0.108588	0.103364	0.100696
1880			0.159464	0.148538	0.136731	0.125685	0.116227	0.108761	0.103627	0.100968
1900			0.159066	0.148275	0.136588	0.125691	0.116319	0.108955	0.103865	0.101241
1920			0.15868	0.148007	0.136465	0.125677	0.116432	0.109134	0.104092	0.101512
1940			0.158299	0.147755	0.136341	0.125683	0.116517	0.109308	0.104332	0.101766
1960			0.157929	0.147493	0.136233	0.125673	0.116609	0.109483	0.10456	0.102019
1980			0.157561	0.147256	0.136103	0.125676	0.116704	0.109658	0.104768	0.102275
2000			0.157208	0.147009	0.13599	0.125668	0.116805	0.109812	0.104997	0.102511
2001001


1456.92	2	2000	20
>	a		ab		1
>	b		bc		1
>	c		c		1
20			0	1
40			0.724726	0.275274
60			0.655926	0.344074
80			0.612774	0.387226
100			0.5882	0.4118
120			0.572373	0.427627
140			0.561341	0.438659
160			0.553218	0.446782
180			0.546989	0.453011
200			0.543058	0.456942
220			0.538892	0.461108
240			0.535459	0.464541
260			0.532581	0.467419
280			0.530134	0.469866
300			0.528028	0.471972
320			0.526197	0.473803
340			0.524935	0.475065
360			0.523476	0.476524
380			0.522178	0.477822
400			0.521016	0.478984
420			0.519969	0.480031
440			0.519022	0.480978
460			0.51816	0.48184
480			0.517546	0.482454
500			0.51681	0.48319
520			0.516134	0.483866
540			0.51551	0.48449
560			0.514932	0.485068
580			0.514395	0.485605
600			0.513896	0.486104
620			0.513534	0.486466
640			0.513092	0.486908
660			0.512678	0.487322
680			0.512289	0.487711
700			0.511924	0.488076
720			0.511579	0.488421
740			0.511254	0.488746
760			0.511016	0.488984
780			0.510721	0.489279
800			0.510442	0.489558
820			0.510176	0.489824
840			0.509924	0.490076
860			0.509684	0.490316
880			0.509456	0.490544
900			0.509287	0.490713
920			0.509077	0.490923
940			0.508876	0.491124
960			0.508683	0.491317
980			0.508499	0.491501
1000			0.508323	0.491677
1020			0.508153	0.491847
1040			0.508028	0.491972
1060			0.50787	0.49213
1080			0.507718	0.492282
1100			0.507572	0.492428
1120			0.507432	0.492568
1140			0.507297	0.492703
1160			0.507166	0.492834
1180			0.507069	0.492931
1200			0.506946	0.493054
1220			0.506828	0.493172
1240			0.506713	0.493287
1260			0.506603	0.493397
1280			0.506496	0.493504
1300			0.506392	0.493608
1320			0.506315	0.493685
1340			0.506217	0.493783
1360			0.506122	0.493878
1380			0.50603	0.49397
1400			0.50594	0.49406
1420			0.505853	0.494147
1440			0.505769	0.494231
1460			0.505706	0.494294
1480			0.505626	0.494374
1500			0.505548	0.494452
1520			0.505472	0.494528
1540			0.505398	0.494602
1560			0.505327	0.494673
1580			0.505257	0.494743
1600			0.505204	0.494796
1620			0.505137	0.494863
1640			0.505072	0.494928
1660			0.505009	0.494991
1680			0.504947	0.495053
1700			0.504887	0.495113
1720			0.504828	0.495172
1740			0.504784	0.495216
1760			0.504727	0.495273
1780			0.504672	0.495328
1800			0.504618	0.495382
1820			0.504565	0.495435
1840			0.504514	0.495486
1860			0.504464	0.495536
1880			0.504426	0.495574
1900			0.504377	0.495623
1920			0.50433	0.49567
1940			0.504284	0.495716
1960			0.504239	0.495761
1980			0.504194	0.495806
2000			0.504151	0.495849
2001001


435.617	16	2000	20
>	a		ab		1
>	b		bc		1
>	c		c		1
20			0	0	0	0	0	0	0	0	1	0	0	0	0	0	0	0
40			0	0	0	0	0	0	0	0.563946	0.161998	0.274056	0	0	0	0	0	0
60			0	0	0	0	0	0	0.381759	0.157837	0.271983	0.105407	0.0830147	0	0	0	0	0
80			0	0	0	0	0	0.276766	0.131749	0.232644	0.156125	0.137303	0.0357914	0.0296205	0	0	0	0
100			0	0	0	0	0.210057	0.105128	0.190457	0.168284	0.154425	0.08137	0.0653336	0.0154425	0.00950307	0	0	0
120			0	0	0	0.160859	0.0878667	0.164027	0.155764	0.150255	0.106184	0.0929624	0.0418675	0.0315384	0.00537116	0.00330533	0	0
140			0	0	0.127748	0.0701043	0.145071	0.134941	0.143957	0.116604	0.105663	0.0646338	0.0538952	0.0193496	0.0148921	0.00192483	0.00121568	0
160			0	0.102321	0.0581477	0.125689	0.116373	0.13058	0.120022	0.111171	0.0819036	0.0704138	0.036876	0.0294232	0.00970422	0.0062107	0.000698704	0.000465802
180			0.0839114	0.047695	0.10779	0.100424	0.118225	0.115831	0.110306	0.0921368	0.0815788	0.0530968	0.0443803	0.0208704	0.0165736	0.0041127	0.00263949	0.000429685
200			0.109547	0.0927317	0.0867619	0.107507	0.105567	0.106512	0.0962141	0.0877071	0.0668126	0.0570121	0.0329834	0.0276603	0.0111437	0.00875578	0.0018407	0.00124372
220			0.144914	0.101723	0.0976101	0.0951421	0.10123	0.0953478	0.0901649	0.074781	0.0664308	0.0461931	0.0382954	0.0198675	0.0167003	0.00621118	0.00411336	0.00127514
240			0.164171	0.124062	0.0965734	0.0935652	0.0929083	0.089416	0.0798036	0.0727499	0.0556689	0.0481657	0.0305314	0.0252066	0.012344	0.00943951	0.0031465	0.0022475
260			0.182665	0.131767	0.106304	0.0907724	0.0868233	0.0818426	0.0755946	0.0636291	0.0562612	0.0396687	0.0342165	0.0194512	0.0165336	0.00660163	0.00557013	0.00229878
280			0.19331	0.144938	0.108182	0.092931	0.0820772	0.0766376	0.068834	0.0614372	0.0486261	0.0420681	0.0275285	0.0234107	0.0122518	0.0100404	0.00434661	0.0033807
300			0.202963	0.150827	0.11559	0.0913158	0.0809506	0.0715156	0.0650262	0.0551483	0.0486368	0.0358353	0.0307413	0.0182277	0.0159022	0.00766317	0.00629	0.00336648
320			0.20866	0.15872	0.117716	0.0945659	0.0778022	0.0692354	0.0599482	0.0538541	0.0427172	0.0372267	0.0257199	0.0216701	0.0121493	0.0105333	0.00523744	0.00424447
340			0.213641	0.162512	0.123251	0.0938573	0.0784185	0.0655155	0.0586673	0.048576	0.0431078	0.0323955	0.027462	0.0181643	0.0149558	0.0083835	0.0069	0.00419175
360			0.216571	0.167203	0.124821	0.0973515	0.0763146	0.0654653	0.0542774	0.0481679	0.0385805	0.0333174	0.0240994	0.0198366	0.012773	0.0100491	0.00623259	0.00493991
380			0.218798	0.169524	0.128966	0.0969043	0.0783247	0.0624801	0.0540399	0.0441629	0.0387755	0.0297965	0.0252379	0.0176541	0.0139658	0.00907571	0.00700363	0.00529071
400			0.219773	0.172654	0.129724	0.100286	0.0766699	0.063478	0.0508722	0.044376	0.0351243	0.0306355	0.022668	0.0184412	0.0128053	0.00996247	0.00673308	0.00579793
420			0.220414	0.173677	0.133072	0.0999423	0.0788024	0.061248	0.0516338	0.0412618	0.0358326	0.0275758	0.0233908	0.0169888	0.0135617	0.00932011	0.00737465	0.00590424
440			0.220272	0.175488	0.133538	0.10272	0.0777667	0.0627287	0.0491852	0.0419085	0.0330135	0.0284268	0.0211294	0.0176663	0.0126055	0.0099463	0.00734892	0.00625638
460			0.220021	0.175826	0.13596	0.102527	0.0798446	0.0610953	0.0503249	0.0394979	0.0338769	0.0258981	0.0220313	0.0161934	0.0131943	0.00950665	0.00779017	0.00641322
480			0.219125	0.176826	0.136147	0.104824	0.0792959	0.0627247	0.048449	0.0405748	0.0314186	0.0267149	0.0202008	0.017039	0.0123266	0.00997912	0.00765759	0.00669606
500			0.218322	0.176494	0.137939	0.104877	0.0810453	0.06174	0.0498439	0.0384029	0.0324468	0.024902	0.0209659	0.0156246	0.012934	0.00968455	0.00800792	0.00677041
520			0.216859	0.177254	0.137907	0.106555	0.080717	0.0633171	0.0483682	0.0398122	0.0304516	0.025727	0.0194742	0.0164106	0.0121437	0.010121	0.00790633	0.00697618
540			0.215813	0.176407	0.139268	0.106571	0.0824667	0.0624559	0.049873	0.03805	0.0316216	0.0241116	0.02036	0.0152049	0.0128499	0.00957069	0.00833841	0.00703767
560			0.214132	0.176686	0.138954	0.108193	0.0821551	0.0640752	0.048771	0.0392918	0.0300482	0.0251845	0.0189202	0.0160745	0.0119047	0.0102304	0.00797678	0.00740382
580			0.21286	0.175748	0.139913	0.107935	0.083862	0.0635227	0.0500858	0.0381623	0.031242	0.023657	0.0199477	0.0148435	0.0127366	0.00962069	0.00845743	0.00740692
600			0.211141	0.17559	0.139539	0.109328	0.0834438	0.0651355	0.0492898	0.0394396	0.0299943	0.0246976	0.0186521	0.0158291	0.0118746	0.0102329	0.00818076	0.00763168
620			0.209619	0.174712	0.140075	0.109095	0.0850237	0.064547	0.0508387	0.0384809	0.0310735	0.0235052	0.019708	0.0147108	0.0126175	0.00970334	0.00868002	0.00760995
640			0.207897	0.174239	0.139713	0.110115	0.0847012	0.0661951	0.0501021	0.0397034	0.0301627	0.0246099	0.0185159	0.0156591	0.0118467	0.0102866	0.00841455	0.00783928
660			0.206307	0.173249	0.140026	0.109916	0.0861042	0.0656761	0.0515333	0.0390224	0.0312473	0.0236188	0.0194837	0.0147343	0.0126575	0.00980145	0.00879747	0.00782557
680			0.204573	0.172639	0.139513	0.110836	0.0858207	0.067081	0.0509586	0.0402866	0.0304568	0.0246738	0.0186706	0.0155739	0.0119029	0.0104517	0.00856004	0.0080029
700			0.202975	0.171571	0.13971	0.110564	0.0869693	0.0667411	0.0523739	0.0396371	0.0315507	0.0239127	0.0195638	0.0148318	0.0126879	0.00998162	0.00895452	0.00797633
720			0.201178	0.1709	0.1392	0.111219	0.0868043	0.0680148	0.0518953	0.040896	0.03096	0.0248535	0.0188511	0.0157034	0.0121128	0.01046	0.00879562	0.00815608
740			0.19958	0.169799	0.139234	0.110993	0.0877591	0.0677679	0.0531603	0.0403872	0.0320712	0.0242331	0.0197833	0.0150198	0.0127512	0.0101871	0.00903086	0.00824303
760			0.197824	0.169119	0.138643	0.111477	0.0875784	0.0689464	0.0527905	0.0416487	0.0314647	0.0252714	0.019161	0.0158378	0.0122968	0.0106024	0.0089425	0.00839613
780			0.196286	0.16793	0.138583	0.111264	0.0884038	0.0686691	0.0540758	0.0411141	0.0326865	0.0246888	0.02004	0.0153255	0.0128796	0.0104107	0.00921564	0.00842769
800			0.194566	0.167162	0.138015	0.111638	0.0882738	0.069722	0.0536796	0.0424281	0.0320879	0.025749	0.0195193	0.0160861	0.0125437	0.0107522	0.00920409	0.00857363
820			0.192979	0.166126	0.137797	0.111378	0.088987	0.0695194	0.054921	0.0418881	0.0333382	0.0252131	0.020445	0.0156174	0.0131279	0.0105879	0.00943522	0.00863905
840			0.19141	0.165197	0.137268	0.111627	0.0887999	0.0705507	0.0545579	0.0431854	0.032767	0.0263065	0.0199648	0.016392	0.012771	0.0110328	0.00938789	0.00878204
860			0.189857	0.164189	0.136969	0.111352	0.0894955	0.0702777	0.0557139	0.0427355	0.0340139	0.0258028	0.0208545	0.0159954	0.0134051	0.0107879	0.00972096	0.00882962
880			0.188293	0.163295	0.136381	0.111603	0.0892656	0.0712515	0.0553631	0.0439324	0.0335542	0.0268212	0.0204777	0.0167217	0.0130997	0.0113017	0.00957329	0.00906509
900			0.186792	0.162261	0.136098	0.111222	0.089927	0.0710123	0.0564433	0.043591	0.0346108	0.0264718	0.0213071	0.0164459	0.0136934	0.011084	0.00993462	0.00910591
920			0.185271	0.161398	0.135443	0.111459	0.0896566	0.0718806	0.0562077	0.044656	0.034327	0.0273709	0.0210097	0.0171245	0.0134565	0.0115895	0.00984986	0.00929989
940			0.183835	0.160347	0.135166	0.11107	0.0902094	0.071671	0.0571731	0.0444026	0.0353132	0.027092	0.0218079	0.0168697	0.0140706	0.0113889	0.0102313	0.00935173
960			0.182364	0.159519	0.134495	0.111208	0.0899907	0.0724309	0.0569891	0.045378	0.0350546	0.0279916	0.0215509	0.0175468	0.0138506	0.0119103	0.0101608	0.00956033
980			0.180994	0.158441	0.134223	0.110832	0.090399	0.0723126	0.0578563	0.0451621	0.035994	0.0277434	0.0223491	0.0173188	0.0144667	0.0117706	0.0105099	0.00962781
1000			0.179564	0.157644	0.133502	0.110943	0.0902256	0.0729129	0.0577302	0.0461078	0.0357682	0.0286173	0.0220779	0.0180799	0.0142477	0.0122337	0.0105155	0.00983015
1020			0.178251	0.156565	0.133229	0.110518	0.0906261	0.0727966	0.0585065	0.0459333	0.0366806	0.0283766	0.0229033	0.017841	0.0148758	0.0121315	0.0107968	0.00996906
1040			0.176865	0.155797	0.13252	0.110622	0.0903475	0.0734278	0.0583609	0.0467782	0.0365162	0.0292488	0.0226723	0.0185398	0.0147122	0.0126062	0.0108143	0.0101714
1060			0.175571	0.154816	0.13218	0.110188	0.0907562	0.0732113	0.0591378	0.0466273	0.0373748	0.0290576	0.0234648	0.0183486	0.0152757	0.0125353	0.0111767	0.0102786
1080			0.174262	0.153988	0.131548	0.110224	0.0904596	0.0738427	0.0589559	0.04748	0.037174	0.0298865	0.0233134	0.0190016	0.0151848	0.0129801	0.011195	0.0105047
1100			0.173028	0.153013	0.131178	0.109814	0.0908313	0.0736024	0.0597324	0.0472908	0.0380166	0.0297498	0.023993	0.0189183	0.015713	0.0129452	0.0115515	0.0106234
1120			0.171733	0.152265	0.130492	0.109849	0.0905345	0.0742114	0.0595179	0.0481011	0.0378902	0.0304813	0.0239199	0.0195011	0.015654	0.0134048	0.0115585	0.0108863
1140			0.17056	0.151271	0.130192	0.109378	0.0908604	0.0739855	0.0602302	0.0479634	0.0386641	0.0303842	0.0245829	0.0194381	0.0161877	0.0133493	0.0119378	0.0110168
1160			0.169332	0.150524	0.129494	0.109393	0.0905683	0.0745076	0.0600789	0.0487079	0.0385488	0.0311072	0.0245047	0.0200451	0.0161305	0.0138198	0.0119754	0.0112626
1180			0.168175	0.149589	0.129151	0.108947	0.0908422	0.0743135	0.0607442	0.0485755	0.0392844	0.0310122	0.0251768	0.0199787	0.0166506	0.0138105	0.0123495	0.0114008
1200			0.166997	0.148858	0.128465	0.108944	0.0905453	0.0748153	0.06058	0.0492769	0.0391729	0.0317207	0.0250971	0.0205842	0.0166139	0.01427	0.0123841	0.0116764
1220			0.165885	0.14795	0.128121	0.108469	0.0908271	0.0746095	0.0611846	0.0491413	0.0399068	0.0316282	0.0257582	0.0205274	0.017156	0.0142425	0.0127657	0.0118272
1240			0.164726	0.147241	0.127462	0.108467	0.0905096	0.0750564	0.0610394	0.0498128	0.0397949	0.0323542	0.0256596	0.0211354	0.0171142	0.0147163	0.0128265	0.0120844
1260			0.163673	0.146329	0.127127	0.108022	0.0907354	0.0748498	0.0616013	0.0497111	0.0404957	0.0322256	0.026356	0.0210654	0.017639	0.014725	0.0132057	0.0122389
1280			0.162553	0.14565	0.126478	0.107971	0.0904553	0.0752475	0.0614473	0.0503695	0.040381	0.0329271	0.0262588	0.0216566	0.0176339	0.0151883	0.0132587	0.0125232
1300			0.161543	0.144764	0.126134	0.107544	0.0906343	0.0750286	0.0620031	0.0502359	0.041063	0.0328469	0.0269083	0.021607	0.0181446	0.0152108	0.0136463	0.0126861
1320			0.160467	0.144102	0.125504	0.107466	0.0903321	0.0754237	0.0618505	0.0508556	0.0409572	0.0335145	0.0268449	0.0221928	0.0181313	0.0156699	0.013735	0.0129539
1340			0.159472	0.14327	0.125153	0.107014	0.0905171	0.0752178	0.0623604	0.0507273	0.0416263	0.0334312	0.0274511	0.0221788	0.0186372	0.0157067	0.0141106	0.0131267
1360			0.158461	0.142567	0.124559	0.106956	0.0902071	0.0755694	0.0621936	0.0513409	0.0415211	0.0340709	0.0274041	0.0227168	0.0186714	0.0161548	0.0141905	0.0134157
1380			0.157487	0.141784	0.124175	0.10654	0.0903587	0.0753517	0.0626997	0.0512052	0.0421496	0.0339955	0.0280179	0.0227109	0.0191711	0.0161886	0.0145704	0.0135944
1400			0.156497	0.141119	0.123598	0.106428	0.0900794	0.0756846	0.0625451	0.0517742	0.0420444	0.0346191	0.0279779	0.0232721	0.0191628	0.0166371	0.0146936	0.0138666
1420			0.155561	0.140354	0.123227	0.106012	0.0901953	0.0755062	0.0629788	0.0516646	0.042643	0.034568	0.0285526	0.0232478	0.0196945	0.0166923	0.0150241	0.0140785
1440			0.154605	0.139695	0.122659	0.105927	0.0899143	0.0757671	0.0628729	0.0521638	0.0425832	0.0351366	0.0285344	0.0238058	0.0197085	0.0171119	0.0151727	0.0143428
1460			0.153714	0.138931	0.122302	0.105514	0.0900077	0.0756096	0.0632387	0.0520998	0.0431192	0.0351167	0.0290821	0.0238033	0.0202019	0.0171912	0.0155251	0.0145434
1480			0.152789	0.138319	0.121716	0.105404	0.0897375	0.0758444	0.0631631	0.0525548	0.0430771	0.0356424	0.0290892	0.024328	0.020221	0.0176396	0.0156423	0.0148311
1500			0.151924	0.137562	0.121389	0.104988	0.0898236	0.0756873	0.0634945	0.0525134	0.04357	0.0356429	0.0295998	0.0243402	0.0207124	0.0177055	0.0160186	0.0150282
1520			0.151022	0.136979	0.120804	0.104888	0.0895506	0.0759013	0.0634113	0.0529291	0.0435663	0.036131	0.029623	0.0248443	0.0207507	0.0181278	0.016164	0.0153076
1540			0.150188	0.136233	0.120493	0.10447	0.0896137	0.0757384	0.0637484	0.0528843	0.0440218	0.0361563	0.0301052	0.0248742	0.0212183	0.0182341	0.0164887	0.0155322
1560			0.149312	0.135671	0.119915	0.104365	0.089337	0.0759604	0.0636426	0.0532843	0.044011	0.0366284	0.0301491	0.0253527	0.0212848	0.0186197	0.0166667	0.0157994
1580			0.148509	0.134943	0.119594	0.103948	0.089433	0.0757668	0.063958	0.0532422	0.0444503	0.03666	0.0306111	0.0254069	0.0217215	0.0187383	0.0170009	0.0160169
1600			0.147662	0.134392	0.11904	0.103839	0.0891403	0.0759775	0.0638546	0.0536235	0.0444589	0.0370987	0.0306683	0.0258604	0.0218051	0.0191146	0.017165	0.0163015
1620			0.146881	0.13369	0.118722	0.10344	0.0891957	0.0757937	0.0641548	0.0535898	0.0448732	0.0371292	0.0311186	0.0259282	0.0222253	0.0192512	0.0174865	0.0165208
1640			0.146064	0.13315	0.118174	0.103327	0.0889166	0.0759761	0.0640604	0.0539513	0.0448692	0.0375804	0.0311663	0.026367	0.022325	0.0196125	0.0176751	0.0167848
1660			0.14531	0.132466	0.117859	0.102923	0.0889701	0.0758027	0.064337	0.0539151	0.045279	0.0376011	0.031614	0.0264393	0.0227146	0.0197682	0.0179802	0.0170205
1680			0.144518	0.131941	0.117332	0.102794	0.0886936	0.0759872	0.0642304	0.0542619	0.0452706	0.0380322	0.0316733	0.0268477	0.02284	0.0201071	0.0181857	0.0172842
1700			0.143788	0.13128	0.117016	0.102417	0.0887249	0.0757948	0.0645143	0.0542172	0.0456631	0.0380565	0.0320821	0.0269654	0.023205	0.0202822	0.0184798	0.0175136
1720			0.143024	0.130753	0.116513	0.102276	0.0884518	0.0759834	0.0643953	0.0545586	0.045665	0.0384606	0.0321514	0.0273428	0.0233612	0.0206039	0.0186776	0.0177831
1740			0.14231	0.130117	0.11619	0.10191	0.0884793	0.0757868	0.0646774	0.054499	0.046041	0.0385074	0.0325463	0.0274522	0.0237028	0.02079	0.018979	0.0180118
1760			0.141558	0.129621	0.11569	0.101778	0.0882091	0.0759453	0.0645617	0.0548313	0.0460333	0.0388964	0.0326345	0.0278122	0.0238597	0.0211043	0.019182	0.0182838
1780			0.140869	0.128993	0.115386	0.101401	0.0882391	0.0757641	0.0648108	0.0547811	0.0463973	0.0389347	0.0330006	0.0279568	0.0241891	0.0212802	0.0194809	0.0185163
1800			0.140149	0.128493	0.114898	0.101278	0.0879702	0.0759078	0.0647066	0.0550792	0.0464026	0.0393028	0.033102	0.028296	0.0243587	0.0215991	0.019681	0.018776
1820			0.139478	0.127887	0.114596	0.100908	0.0879845	0.0757445	0.0649317	0.0550404	0.0467392	0.0393546	0.0334588	0.0284284	0.0246803	0.0217921	0.0199637	0.0190132
1840			0.138781	0.127409	0.114109	0.100778	0.0877276	0.0758679	0.0648294	0.0553367	0.0467444	0.0397043	0.0335486	0.0287722	0.0248506	0.0220875	0.0201863	0.0192676
1860			0.138124	0.126827	0.113814	0.100413	0.0877398	0.0756871	0.0650546	0.0552876	0.0470703	0.0397618	0.033899	0.0288988	0.0251749	0.0222796	0.0204549	0.0195131
1880			0.137449	0.126347	0.113354	0.100274	0.0874766	0.0758214	0.0649501	0.0555663	0.047085	0.0400918	0.0339882	0.0292516	0.0253192	0.0225808	0.0206805	0.0197648
1900			0.136817	0.125777	0.113053	0.0999296	0.0874775	0.0756477	0.0651491	0.0555314	0.0473928	0.0401528	0.0343337	0.0293651	0.0256502	0.022762	0.0209513	0.0200094
1920			0.136163	0.125307	0.112608	0.099782	0.0872386	0.0757515	0.0650551	0.055788	0.0474042	0.0404829	0.0344292	0.0296959	0.0258052	0.0230566	0.0211706	0.0202618
1940			0.135538	0.124767	0.112308	0.0994465	0.0872204	0.0755944	0.0652496	0.055746	0.0477111	0.0405344	0.0347525	0.0298289	0.0261115	0.0232503	0.0214487	0.0204932
1960			0.134905	0.124301	0.111871	0.0993105	0.0869823	0.0756866	0.0651489	0.05601	0.0477146	0.0408527	0.0348526	0.0301371	0.0262819	0.0235365	0.021657	0.0207531
1980			0.134305	0.123764	0.111578	0.0989786	0.086964	0.0755266	0.0653409	0.0559604	0.0480091	0.0409129	0.0351587	0.0302796	0.0265726	0.0237427	0.0219244	0.0209827
2000			0.133679	0.123324	0.111154	0.0988255	0.0867361	0.0756167	0.0652353	0.0562069	0.048023	0.0412064	0.0352778	0.0305712	0.0267536	0.024016	0.0221379	0.0212364
2001001


0.0110343	2	2000	20
>	a		aa		0.001
20			0	1
40			0	1
60			0	1
80			0	1
100			0	1
120			0	1
140			0	1
160			0	1
180			0	1
200			0	1
220			0	1
240			0	1
260			0	1
280			0	1
300			0	1
320			0	1
340			0	1
360			0	1
380			0	1
400			0	1
420			0	1
440			0	1
460			0	1
480			0	1
500			0	1
520			0	1
540			0	1
560			0	1
580			0	1
600			0	1
620			0	1
640			0	1
660			0	1
680			0	1
700			0	1
720			0	1
740			0	1
760			0	1
780			0	1
800			0	1
820			0	1
840			0	1
860			0	1
880			0	1
900			0	1
920			0	1
940			0	1
960			0	1
980			0	1
1000			0	1
1020			0	1
1040			0	1
1060			0	1
1080			0	1
1100			0	1
1120			0	1
1140			0	1
1160			0	1
1180			0	1
1200			0	1
1220			0	1
1240			0	1
1260			0	1
1280			0	1
1300			0	1
1320			0	1
1340			0	1
1360			0	1
1380			0.5	0.5
1400			0.5	0.5
1420			0.5	0.5
1440			0.5	0.5
1460			0.5	0.5
1480			0.5	0.5
1500			0.5	0.5
1520			0.5	0.5
1540			0.5	0.5
1560			0.5	0.5
1580			0.5	0.5
1600			0.5	0.5
1620			0.5	0.5
1640			0.5	0.5
1660			0.5	0.5
1680			0.5	0.5
1700			0.5	0.5
1720			0.5	0.5
1740			0.5	0.5
1760			0.5	0.5
1780			0.5	0.5
1800			0.5	0.5
1820			0.5	0.5
1840			0.5	0.5
1860			0.5	0.5
1880			0.5	0.5
1900			0.5	0.5
1920			0.5	0.5
1940			0.5	0.5
1960			0.5	0.5
1980			0.5	0.5
2000			0.5	0.5
2


0.0114107	4	2000	20
>	a		aa		0.001
20			0	0	1	0
40			0	0	1	0
60			0	0	1	0
80			0	0	1	0
100			0	0	1	0
120			0	0	1	0
140			0	0	1	0
160			0	0	1	0
180			0	0	1	0
200			0	0	1	0
220			0	0	1	0
240			0	0	1	0
260			0	0	1	0
280			0	0	1	0
300			0	0	1	0
320			0	0	1	0
340			0	0	1	0
360			0	0	1	0
380			0	0	1	0
400			0	0	1	0
420			0	0	1	0
440			0	0	1	0
460			0	0	1	0
480			0	0	1	0
500			0	0	1	0
520			0	0	1	0
540			0	0	1	0
560			0	0	1	0
580			0	0	1	0
600			0	0	1	0
620			0	0	1	0
640			0	0	1	0
660			0	0	1	0
680			0	0	1	0
700			0	0	1	0
720			0	0	1	0
740			0	0	1	0
760			0	0	1	0
780			0	0	1	0
800			0	0	1	0
820			0	0	1	0
840			0	0	1	0
860			0	0	1	0
880			0	0	1	0
900			0	0	1	0
920			0	0	1	0
940			0	0	1	0
960			0	0	1	0
980			0	0	1	0
1000			0	0	1	0
1020			0	0	1	0
1040			0	0	1	0
1060			0	0	1	0
1080			0	0	1	0
1100			0	0	1	0
1120			0	0	1	0
1140			0	0	1	0
1160			0	0	1	0
1180			0	0	1	0
1200			0	0	1	0
1220			0	0	1	0
1240			0	0	1	0
1260			0	0	1	0
1280			0	0	1	0
1300			0	0	1	0
1320			0	0	1	0
1340			0	0	1	0
1360			0	0	1	0
1380			0	0	1	0
1400			0	0	1	0
1420			0	0	1	0
1440			0	0	1	0
1460			0	0	1	0
1480			0	0	1	0
1500			0	0	1	0
1520			0	0	1	0
1540			0	0	1	0
1560			0	0	1	0
1580			0	0	1	0
1600			0	0	1	0
1620			0	0	1	0
1640			0	0	1	0
1660			0	0	1	0
1680			0	0	1	0
1700			0	0	1	0
1720			0	0	1	0
1740			0	0	1	0
1760			0	0	1	0
1780			0	0	1	0
1800			0	0	1	0
1820			0	0	1	0
1840			0	0	1	0
1860			0	0	1	0
1880			0	0	1	0
1900			0	0	1	0
1920			0	0	1	0
1940			0	0	1	0
1960			0	0	1	0
1980			0	0	1	0
2000			0	0	1	0
1


0.0114647	8	2000	20
>	a		aa		0.001
20			0	0	0	0	1	0	0	0
40			0	0	0	0	1	0	0	0
60			0	0	0	0	1	0	0	0
80			0	0	0	0	1	0	0	0
100			0	0	0	0	1	0	0	0
120			0	0	0	0	1	0	0	0
140			0	0	0	0	1	0	0	0
160			0	0	0	0	1	0	0	0
180			0	0	0	0	1	0	0	0
200			0	0	0	0	1	0	0	0
220			0	0	0	0	1	0	0	0
240			0	0	0	0	1	0	0	0
260			0	0	0	0	1	0	0	0
280			0	0	0	0	1	0	0	0
300			0	0	0	0	1	0	0	0
320			0	0	0	0	1	0	0	0
340			0	0	0	0	1	0	0	0
360			0	0	0	0	1	0	0	0
380			0	0	0	0	1	0	0	0
400			0	0	0	0	1	0	0	0
420			0	0	0	0	1	0	0	0
440			0	0	0	0	1	0	0	0
460			0	0	0	0	1	0	0	0
480			0	0	0	0	1	0	0	0
500			0	0	0	0	1	0	0	0
520			0	0	0	0	1	0	0	0
540			0	0	0	0	1	0	0	0
560			0	0	0	0	1	0	0	0
580			0	0	0	0	1	0	0	0
600			0	0	0	0	1	0	0	0
620			0	0	0	0	1	0	0	0
640			0	0	0	0	1	0	0	0
660			0	0	0	0	1	0	0	0
680			0	0	0	0	1	0	0	0
700			0	0	0	0	1	0	0	0
720			0	0	0	0	1	0	0	0
740			0	0	0	0	1	0	0	0
760			0	0	0	0	1	0	0	0
780			0	0	0	0	1	0	0	0
800			0	0	0	0	1	0	0	0
820			0	0	0	0	1	0	0	0
840			0	0	0	0	1	0	0	0
860			0	0	0	0	1	0	0	0
880			0	0	0	0	1	0	0	0
900			0	0	0	0	1	0	0	0
920			0	0	0	0	1	0	0	0
940			0	0	0	0	1	0	0	0
960			0	0	0	0	1	0	0	0
980			0	0	0	0	1	0	0	0
1000			0	0	0	0	1	0	0	0
1020			0	0	0	0	1	0	0	0
1040			0	0	0	0	1	0	0	0
1060			0	0	0	0	1	0	0	0
1080			0	0	0	0	1	0	0	0
1100			0	0	0	0	1	0	0	0
1120			0	0	0	0	1	0	0	0
1140			0	0	0	0	1	0	0	0
1160			0	0	0	0	1	0	0	0
1180			0	0	0	0	1	0	0	0
1200			0	0	0	0	1	0	0	0
1220			0	0	0	0	1	0	0	0
1240			0	0	0	0	1	0	0	0
1260			0	0	0	0	1	0	0	0
1280			0	0	0	0	1	0	0	0
1300			0	0	0	0	1	0	0	0
1320			0	0	0	0	1	0	0	0
1340			0	0	0	0	1	0	0	0
1360			0	0	0	0	1	0	0	0
1380			0	0	0	0	1	0	0	0
1400			0	0	0	0	1	0	0	0
1420			0	0	0	0	1	0	0	0
1440			0	0	0	0	1	0	0	0
1460			0	0	0	0	1	0	0	0
1480			0	0	0	0	1	0	0	0
1500			0	0	0	0	1	0	0	0
1520			0	0	0	0	1	0	0	0
1540			0	0	0	0	1	0	0	0
1560			0	0	0	0	1	0	0	0
1580			0	0	0	0	1	0	0	0
1600			0	0	0	0	1	0	0	0
1620			0	0	0	0	1	0	0	0
1640			0	0	0	0	1	0	0	0
1660			0	0	0	0	1	0	0	0
1680			0	0	0	0	1	0	0	0
1700			0	0	0	0	1	0	0	0
1720			0	0	0	0	1	0	0	0
1740			0	0	0	0	1	0	0	0
1760			0	0	0	0	1	0	0	0
1780			0	0	0	0	1	0	0	0
1800			0	0	0	0	1	0	0	0
1820			0	0	0	0	1	0	0	0
1840			0	0	0	0	1	0	0	0
1860			0	0	0	0	1	0	0	0
1880			0	0	0	0	1	0	0	0
1900			0	0	0	0	1	0	0	0
1920			0	0	0	0	1	0	0	0
1940			0	0	0	0	0.5	0.5	0	0
1960			0	0	0	0	0.5	0.5	0	0
1980			0	0	0	0	0.5	0.5	0	0
2000			0	0	0	0	0.5	0.5	0	0
2


0.0116213	16	2000	20
>	a		aa		0.001
20			0	0	0	0	0	0	0	0	1	0	0	0	0	0	0	0
40			0	0	0	0	0	0	0	0	1	0	0	0	0	0	0	0
60			0	0	0	0	0	0	0	0	1	0	0	0	0	0	0	0
80			0	0	0	0	0	0	0	0	1	0	0	0	0	0	0	0
100			0	0	0	0	0	0	0	0	1	0	0	0	0	0	0	0
120			0	0	0	0	0	0	0	0	1	0	0	0	0	0	0	0
140			0	0	0	0	0	0	0	0	1	0	0	0	0	0	0	0
160			0	0	0	0	0	0	0	0	1	0	0	0	0	0	0	0
180			0	0	0	0	0	0	0	0	1	0	0	0	0	0	0	0
200			0	0	0	0	0	0	0	0	1	0	0	0	0	0	0	0
220			0	0	0	0	0	0	0	0	1	0	0	0	0	0	0	0
240			0	0	0	0	0	0	0	0	1	0	0	0	0	0	0	0
260			0	0	0	0	0	0	0	0	1	0	0	0	0	0	0	0
280			0	0	0	0	0	0	0	0	1	0	0	0	0	0	0	0
300			0	0	0	0	0	0	0	0	1	0	0	0	0	0	0	0
320			0	0	0	0	0	0	0	0	1	0	0	0	0	0	0	0
340			0	0	0	0	0	0	0	0	1	0	0	0	0	0	0	0
360			0	0	0	0	0	0	0	0	1	0	0	0	0	0	0	0
380			0	0	0	0	0	0	0	0	1	0	0	0	0	0	0	0
400			0	0	0	0	0	0	0	0	1	0	0	0	0	0	0	0
420			0	0	0	0	0	0	0	0	1	0	0	0	0	0	0	0
440			0	0	0	0	0	0	0	0	1	0	0	0	0	0	0	0
460			0	0	0	0	0	0	0	0	1	0	0	0	0	0	0	0
480			0	0	0	0	0	0	0	0	1	0	0	0	0	0	0	0
500			0	0	0	0	0	0	0	0	1	0	0	0	0	0	0	0
520			0	0	0	0	0	0	0	0	1	0	0	0	0	0	0	0
540			0	0	0	0	0	0	0	0	1	0	0	0	0	0	0	0
560			0	0	0	0	0	0	0	0	1	0	0	0	0	0	0	0
580			0	0	0	0	0	0	0	0	1	0	0	0	0	0	0	0
600			0	0	0	0	0	0	0	0	1	0	0	0	0	0	0	0
620			0	0	0	0	0	0	0	0	1	0	0	0	0	0	0	0
640			0	0	0	0	0	0	0	0	1	0	0	0	0	0	0	0
660			0	0	0	0	0	0	0	0	1	0	0	0	0	0	0	0
680			0	0	0	0	0	0	0	0	1	0	0	0	0	0	0	0
700			0	0	0	0	0	0	0	0	1	0	0	0	0	0	0	0
720			0	0	0	0	0	0	0	0	1	0	0	0	0	0	0	0
740			0	0	0	0	0	0	0	0	1	0	0	0	0	0	0	0
760			0	0	0	0	0	0	0	0	1	0	0	0	0	0	0	0
780			0	0	0	0	0	0	0	0	1	0	0	0	0	0	0	0
800			0	0	0	0	0	0	0	0	1	0	0	0	0	0	0	0
820			0	0	0	0	0	0	0	0	1	0	0	0	0	0	0	0
840			0	0	0	0	0	0	0	0	1	0	0	0	0	0	0	0
860			0	0	0	0	0	0	0	0	1	0	0	0	0	0	0	0
880			0	0	0	0	0	0	0	0	1	0	0	0	0	0	0	0
900			0	0	0	0	0	0	0	0	1	0	0	0	0	0	0	0
920			0	0	0	0	0	0	0	0	0.5	0.5	0	0	0	0	0	0
940			0	0	0	0	0	0	0	0	0.5	0.5	0	0	0	0	0	0
960			0	0	0	0	0	0	0	0	0.5	0.5	0	0	0	0	0	0
980			0	0	0	0	0	0	0	0	0.5	0.5	0	0	0	0	0	0
1000			0	0	0	0	0	0	0	0	0.5	0.5	0	0	0	0	0	0
1020			0	0	0	0	0	0	0	0	0.5	0.5	0	0	0	0	0	0
1040			0	0	0	0	0	0	0	0	0.5	0.5	0	0	0	0	0	0
1060			0	0	0	0	0	0	0	0	0.5	0.5	0	0	0	0	0	0
1080			0	0	0	0	0	0	0	0	0.5	0.5	0	0	0	0	0	0
1100			0	0	0	0	0	0	0	0	0.5	0.5	0	0	0	0	0	0
1120			0	0	0	0	0	0	0	0	0.5	0.5	0	0	0	0	0	0
1140			0	0	0	0	0	0	0	0	0.5	0.5	0	0	0	0	0	0
1160			0	0	0	0	0	0	0	0	0.5	0.5	0	0	0	0	0	0
1180			0	0	0	0	0	0	0	0	0.5	0.5	0	0	0	0	0	0
1200			0	0	0	0	0	0	0	0	0.5	0.5	0	0	0	0	0	0
1220			0	0	0	0	0	0	0	0	0.5	0.5	0	0	0	0	0	0
1240			0	0	0	0	0	0	0	0	0.5	0.5	0	0	0	0	0	0
1260			0	0	0	0	0	0	0	0	0.5	0.5	0	0	0	0	0	0
1280			0	0	0	0	0	0	0	0	0.5	0.5	0	0	0	0	0	0
1300			0	0	0	0	0	0	0	0	0.5	0.5	0	0	0	0	0	0
1320			0	0	0	0	0	0	0	0	0.5	0.5	0	0	0	0	0	0
1340			0	0	0	0	0	0	0	0	0.5	0.5	0	0	0	0	0	0
1360			0	0	0	0	0	0	0	0	0.5	0.5	0	0	0	0	0	0
1380			0	0	0	0	0	0	0	0	0.5	0.5	0	0	0	0	0	0
1400			0	0	0	0	0	0	0	0	0.5	0.5	0	0	0	0	0	0
1420			0	0	0	0	0	0	0	0	0.5	0.5	0	0	0	0	0	0
1440			0	0	0	0	0	0	0	0	0.5	0.5	0	0	0	0	0	0
1460			0	0	0	0	0	0	0	0	0.5	0.5	0	0	0	0	0	0
1480			0	0	0	0	0	0	0	0	0.5	0.5	0	0	0	0	0	0
1500			0	0	0	0	0	0	0	0	0.666667	0.333333	0	0	0	0	0	0
1520			0	0	0	0	0	0	0	0.333333	0.333333	0.333333	0	0	0	0	0	0
1540			0	0	0	0	0	0	0	0.333333	0.333333	0.333333	0	0	0	0	0	0
1560			0	0	0	0	0	0	0	0.333333	0.333333	0.333333	0	0	0	0	0	0
1580			0	0	0	0	0	0	0	0.333333	0.333333	0.333333	0	0	0	0	0	0
1600			0	0	0	0	0	0	0	0.333333	0.333333	0.333333	0	0	0	0	0	0
1620			0	0	0	0	0	0	0	0.333333	0.333333	0.333333	0	0	0	0	0	0
1640			0	0	0	0	0	0	0	0.333333	0.333333	0.333333	0	0	0	0	0	0
1660			0	0	0	0	0	0	0	0.5	0.25	0.25	0	0	0	0	0	0
1680			0	0	0	0	0	0	0.25	0.25	0.25	0.25	0	0	0	0	0	0
1700			0	0	0	0	0	0	0.25	0.25	0.25	0.25	0	0	0	0	0	0
1720			0	0	0	0	0	0	0.25	0.25	0.25	0.25	0	0	0	0	0	0
1740			0	0	0	0	0	0	0.25	0.25	0.25	0.25	0	0	0	0	0	0
1760			0	0	0	0	0	0	0.25	0.25	0.25	0.25	0	0	0	0	0	0
